,,Mio,Mio,Mrd,Mrd,Mio,Mio,Mrd,Mrd
Country,CO2_MtC,SCC_RMQ,SCC_RMQ_std,SCC_RMQ,SCC_RMQ_std,SCC_Drupp,SCC_Drupp_std,SCC_Drupp,SCC_Drupp_std
Afghanistan,46.5722764,5891.269772,574.8574809,0.574857481,0.000574857,9452.523329,949.8496827,9.452523329,0.949849683
Albania,73.6216177,10124.77977,819.4091058,0.819409106,0.000819409,15384.11764,1215.012973,15.38411764,1.215012973
Algeria,1164.438788,148687.902,12652.00763,12.65200763,0.012652008,237675.2499,20329.32257,237.6752499,20.32932257
Andorra,3.840694874,469.37541,51.18465576,0.051184656,5.11847E-05,774.0854672,82.80390442,0.774085467,0.082803904
Angola,183.6649843,22369.67489,2299.124963,2.299124963,0.002299125,36852.96952,3868.568851,36.85296952,3.868568851
Anguilla,0.863159544,103.0838787,11.62279061,0.011622791,1.16228E-05,172.4607635,19.27357014,0.172460764,0.01927357
Antigua and Barbuda,5.626984074,764.2088521,68.73307025,0.06873307,6.87331E-05,1169.719677,100.8510402,1.169719677,0.10085104
Argentina,2069.923874,275383.0447,20404.39857,20.40439857,0.020404399,427500.0515,31845.10373,427.5000515,31.84510373
Armenia,170.8074422,24632.43646,2069.800656,2.069800656,0.002069801,36229.35795,2963.440926,36.22935795,2.963440926
Aruba,17.76422796,2325.524436,206.2486231,0.206248623,0.000206249,3653.892562,327.0860968,3.653892562,0.327086097
Australia,4499.36763,593919.3567,45034.30764,45.03430764,0.045034308,927453.6658,70737.0424,927.4536658,70.7370424
Austria,1015.375035,138263.5834,9944.787584,9.944787584,0.009944788,211279.1411,15079.23891,211.2791411,15.07923891
Azerbaijan,622.7892805,85721.64321,6726.302325,6.726302325,0.006726302,130255.7509,9957.298035,130.2557509,9.957298035
Bahamas,44.21220358,6228.513394,627.8012444,0.627801244,0.000627801,9314.723629,894.3697965,9.314723629,0.894369796
Bahrain,221.3944135,27838.6402,2467.614088,2.467614088,0.002467614,44942.44416,4037.138076,44.94244416,4.037138076
Bangladesh,372.0935176,45199.257,4586.568024,4.586568024,0.004586568,74632.27045,7709.688231,74.63227045,7.709688231
Barbados,14.3334167,1873.010891,148.7113505,0.148711351,0.000148711,2947.197416,234.9635512,2.947197416,0.234963551
Belarus,1247.140396,173330.8793,13826.30993,13.82630993,0.01382631,261672.1202,20251.85433,261.6721202,20.25185433
Belgium,2110.82721,295661.2781,20979.11048,20.97911048,0.02097911,442831.4908,30705.1799,442.8314908,30.7051799
Belize,4.873086596,627.173364,51.42141127,0.051421411,5.14214E-05,996.6914761,82.54821654,0.996691476,0.082548217
Benin,28.26975763,3374.918294,376.2573135,0.376257314,0.000376257,5635.095599,638.607048,5.635095599,0.638607048
Bermuda,7.593113886,1016.410817,77.36397625,0.077363976,7.7364E-05,1573.017482,119.0773164,1.573017482,0.119077316
Bhutan,4.251804963,499.3087642,60.93154394,0.060931544,6.09315E-05,843.0687327,104.0132527,0.843068733,0.104013253
"Bonaire, Saint Eustatius and Saba",6.078746572,863.5583783,74.19806267,0.074198063,7.41981E-05,1281.46644,105.3441998,1.28146644,0.1053442
Bosnia and Herzegovina,229.5745342,30599.21329,2436.790936,2.436790936,0.002436791,47487.05148,3747.628163,47.48705148,3.747628163
Botswana,37.1753097,4553.246558,450.7317781,0.450731778,0.000450732,7487.287098,743.9508016,7.487287098,0.743950802
Brazil,3936.688198,506403.2262,41257.6544,41.2576544,0.041257654,804822.2854,66437.68654,804.8222854,66.43768654
British Virgin Islands,1.423367667,176.5650128,16.61440918,0.016614409,1.66144E-05,287.893121,27.27091394,0.287893121,0.027270914
Brunei Darussalam,83.65934025,11052.693,959.6232453,0.959623245,0.000959623,17253.60189,1468.313745,17.25360189,1.468313745
Bulgaria,992.6076906,138206.2705,10681.60349,10.68160349,0.010681603,208316.7563,15667.51469,208.3167563,15.66751469
Burkina Faso,15.24475213,1846.651098,193.0547859,0.193054786,0.000193055,3053.362897,326.6063581,3.053362897,0.326606358
Burundi,3.151513715,404.0094801,34.58221886,0.034582219,3.45822E-05,643.7311856,55.64617013,0.643731186,0.05564617
Cambodia,34.8837332,4133.524585,501.3095536,0.501309554,0.00050131,6926.909386,860.9017903,6.926909386,0.86090179
Canada,7692.397638,1037830.851,75478.61324,75.47861324,0.075478613,1596209.44,115704.3514,1596.20944,115.7043514
Cape Verde,3.315121254,409.6957705,40.0008812,0.040000881,4.00009E-05,668.293738,66.44864465,0.668293738,0.066448645
Central African Republic,3.190008127,421.3881414,32.95126858,0.032951269,3.29513E-05,658.0436282,51.25824619,0.658043628,0.051258246
Chad,6.561421946,821.5838916,74.99741184,0.074997412,7.49974E-05,1329.997911,123.1593503,1.329997911,0.12315935
Chile,694.0384839,90015.02299,7110.342582,7.110342582,0.007110343,142113.3643,11434.69675,142.1133643,11.43469675
China,56774.74048,7010274.386,666801.0291,666.8010291,0.666801029,11448419.03,1111337.228,11448.41903,1111.337228
Colombia,865.4204303,114160.2168,8695.313339,8.695313339,0.008695313,178312.9954,13668.65372,178.3129954,13.66865372
Comoros,1.238119926,154.8754581,14.00127575,0.014001276,1.40013E-05,250.8145637,23.07775799,0.250814564,0.023077758
Congo,19.63343942,2503.328974,225.691755,0.225691755,0.000225692,3998.988263,366.7059996,3.998988263,0.366706
Cook Islands,0.523843334,66.89024076,5.952101005,0.005952101,5.9521E-06,106.9686869,9.468667263,0.106968687,0.009468667
Costa Rica,65.03645058,8274.142183,704.095852,0.704095852,0.000704096,13253.29165,1141.290329,13.25329165,1.141290329
Côte d'Ivoire,86.1474082,11156.54695,931.2763061,0.931276306,0.000931276,17662.89212,1475.532093,17.66289212,1.475532093
Croatia,280.0553225,37665.63345,2847.004758,2.847004758,0.002847005,58120.06316,4358.976457,58.12006316,4.358976457
Cuba,432.9107093,59244.72531,4389.647733,4.389647733,0.004389648,90282.95111,6586.303609,90.28295111,6.586303609
Curaçao,114.2099365,16269.40012,1403.997454,1.403997454,0.001403997,24101.47026,1989.151042,24.10147026,1.989151042
Cyprus,76.25859872,9851.951698,809.1207448,0.809120745,0.000809121,15626.26152,1290.546372,15.62626152,1.290546372
Czech Republic,2478.689514,348564.1747,25512.21714,25.51221714,0.025512217,521197.9678,37164.04337,521.1979678,37.16404337
North Korea,1324.351876,185639.5957,15890.55482,15.89055482,0.015890555,279040.4894,23257.15294,279.0404894,23.25715294
Democratic Republic of the Congo,49.68304501,7075.370198,529.8577616,0.529857762,0.000529858,10473.31807,762.3570903,10.47331807,0.76235709
Denmark,914.7262887,127602.6322,9283.555093,9.283555093,0.009283555,191895.8896,13671.91035,191.8958896,13.67191035
Djibouti,4.995926442,657.125302,52.24226636,0.052242266,5.22423E-05,1029.79786,81.61483594,1.02979786,0.081614836
Dominica,1.232308203,154.4700349,13.85811602,0.013858116,1.38581E-05,249.8654191,22.7655824,0.249865419,0.022765582
Dominican Republic,190.8902099,24214.37152,2096.806436,2.096806436,0.002096806,38879.69497,3392.82544,38.87969497,3.39282544
Ecuador,303.6029478,38481.90622,3344.057709,3.344057709,0.003344058,61812.1069,5415.109393,61.8121069,5.415109393
Egypt,1591.568829,199961.2994,17634.03918,17.63403918,0.017634039,322823.5814,28991.72743,322.8235814,28.99172743
El Salvador,59.65363566,7662.80114,637.2467853,0.637246785,0.000637247,12195.09474,1024.293748,12.19509474,1.024293748
Equatorial Guinea,34.24583942,3994.82468,536.8175016,0.536817502,0.000536818,6783.860306,897.6975187,6.783860306,0.897697519
Eritrea,4.393664121,529.9380681,63.11457431,0.063114574,6.31146E-05,881.2536763,102.5137621,0.881253676,0.102513762
Estonia,381.6149523,53479.67577,4070.701231,4.070701231,0.004070701,80208.75604,5951.53007,80.20875604,5.95153007
Ethiopia,62.21897824,7663.249378,752.3753091,0.752375309,0.000752375,12522.50428,1267.572088,12.52250428,1.267572088
Faeroe Islands,7.976536304,1053.619394,82.5897271,0.082589727,8.25897E-05,1646.32631,128.6749851,1.64632631,0.128674985
Micronesia (Federated States of),0.934731054,112.869301,12.75216777,0.012752168,1.27522E-05,187.5456044,20.81190896,0.187545604,0.020811909
Fiji,13.72127333,1790.306712,142.1270791,0.142127079,0.000142127,2815.051122,227.1185874,2.815051122,0.227118587
Finland,816.649688,110462.9112,8328.811129,8.328811129,0.008328811,169808.564,12668.2528,169.808564,12.6682528
France,7161.544626,1001194.543,71872.61599,71.87261599,0.071872616,1502293.126,105367.7152,1502.293126,105.3677152
French Guiana,0.231350667,29.02014082,3.033991949,0.003033992,3.03399E-06,46.80715147,4.870720203,0.046807151,0.00487072
French Polynesia,7.364054743,949.7393691,78.99900293,0.078999003,7.8999E-05,1508.298405,125.7668141,1.508298405,0.125766814
Gabon,68.14659691,9128.697923,766.2971355,0.766297136,0.000766297,14141.85072,1155.419036,14.14185072,1.155419036
Gambia,3.531722684,445.1234209,38.91246838,0.038912468,3.89125E-05,717.3467188,63.65532604,0.717346719,0.063655326
Georgia,258.4013521,37292.20994,3133.549719,3.133549719,0.00313355,54816.97784,4483.951279,54.81697784,4.483951279
Germany,17085.07437,2405574.266,171704.1461,171.7041461,0.171704146,3590681.352,249600.9478,3590.681352,249.6009478
Ghana,91.77782464,11606.33737,1004.013462,1.004013462,0.001004013,18635.71151,1656.914563,18.63571151,1.656914563
Greece,1063.75122,139137.0825,11349.10945,11.34910945,0.011349109,219006.6838,17833.57933,219.0066838,17.83357933
Greenland,7.74466364,1058.427107,78.77951424,0.078779514,7.87795E-05,1613.066132,118.3809468,1.613066132,0.118380947
Grenada,2.076036431,261.7859668,22.96088396,0.022960884,2.29609E-05,421.8075726,37.49005329,0.421807573,0.037490053
Guatemala,110.0640537,13956.93052,1192.75381,1.19275381,0.001192754,22386.80538,1950.574208,22.38680538,1.950574208
Guinea,21.31854203,2760.504675,221.4832236,0.221483224,0.000221483,4365.565641,354.9013967,4.365565641,0.354901397
Guinea-Bissau,2.593228196,337.8738082,27.13070906,0.027130709,2.71307E-05,532.6523571,42.86945474,0.532652357,0.042869455
Guyana,26.13489948,3536.953664,262.2170682,0.262217068,0.000262217,5427.068774,398.6951225,5.427068774,0.398695123
Haiti,19.83579433,2511.72336,216.6945721,0.216694572,0.000216695,4031.070093,355.7474937,4.031070093,0.355747494
Honduras,65.17650093,8161.780264,731.4278498,0.73142785,0.000731428,13203.59633,1206.669286,13.20359633,1.206669286
Hong Kong,422.1588464,54315.47379,4533.851316,4.533851316,0.004533851,86412.86974,7232.806835,86.41286974,7.232806835
Hungary,1136.943917,159819.891,11734.07132,11.73407132,0.011734071,239068.2833,17101.53789,239.0682833,17.10153789
Iceland,39.71539816,5288.826404,389.3496027,0.389349603,0.00038935,8201.959826,608.1304812,8.201959826,0.608130481
India,12946.76596,1602727.494,149910.2676,149.9102676,0.149910268,2612038.308,249997.8751,2612.038308,249.9978751
Indonesia,3358.970914,417809.8741,38443.91016,38.44391016,0.03844391,679335.4999,63453.5225,679.3354999,63.4535225
Iraq,1117.097468,140836.1863,12397.31173,12.39731173,0.012397312,226767.03,20396.08688,226.76703,20.39608688
Ireland,526.068824,70279.58821,5236.885418,5.236885418,0.005236885,108862.8098,8124.095205,108.8628098,8.124095205
Iran,4514.217841,566397.4673,50279.56356,50.27956356,0.050279564,915377.7267,82668.68754,915.3777267,82.66868754
Israel,620.3766919,79855.36245,6578.768718,6.578768718,0.006578769,126931.6999,10547.67643,126.9316999,10.54767643
Italy,6111.62444,826058.4897,62185.09273,62.18509273,0.062185093,1270516.845,94658.52217,1270.516845,94.65852217
Jamaica,119.3402444,15979.97905,1236.984372,1.236984372,0.001236984,24735.9222,1898.424521,24.7359222,1.898424521
Japan,16229.30495,2167631.755,165127.819,165.127819,0.165127819,3360652.075,254420.8727,3360.652075,254.4208727
Jordan,177.1282163,22131.00338,2013.013127,2.013013127,0.002013013,35901.51719,3292.075996,35.90151719,3.292075996
Kazakhstan,3357.493578,454695.14,33730.17483,33.73017483,0.033730175,697484.0055,51335.10726,697.4840055,51.33510726
Kenya,117.8422732,15272.72737,1213.647809,1.213647809,0.001213648,24121.43951,1955.608589,24.12143951,1.955608589
Kiribati,0.537798948,69.77462517,5.722068294,0.005722068,5.72207E-06,110.2249032,9.097744313,0.110224903,0.009097744
Kosovo,24.20579402,2697.817751,478.4231608,0.478423161,0.000478423,4711.591622,818.9106406,4.711591622,0.818910641
Kuwait,743.6449366,94886.74846,8012.966379,8.012966379,0.008012966,151572.1579,12992.39292,151.5721579,12.99239292
Kyrgyzstan,199.8055135,28236.4255,2407.863217,2.407863217,0.002407863,42140.22453,3478.623031,42.14022453,3.478623031
Laos,32.98085048,3738.757614,712.447167,0.712447167,0.000712447,6437.067086,1250.717799,6.437067086,1.250717799
Latvia,190.78886,26899.61645,2075.8026,2.0758026,0.002075803,40188.76714,3020.342529,40.18876714,3.020342529
Lebanon,185.6894769,23690.32031,1978.523539,1.978523539,0.001978524,37841.10936,3220.773232,37.84110936,3.220773232
Lesotho,15.89399726,1924.080215,209.4162874,0.209416287,0.000209416,3191.321672,342.5146114,3.191321672,0.342514611
Liberia,13.80680758,1912.284999,167.9172577,0.167917258,0.000167917,2888.892506,244.719179,2.888892506,0.244719179
Libya,540.0334786,70175.26973,5839.698604,5.839698604,0.005839699,110930.1599,9182.698237,110.9301599,9.182698237
Liechtenstein,1.589781394,196.2774384,21.61604684,0.021616047,2.1616E-05,321.6655519,34.58231745,0.321665552,0.034582317
Lithuania,349.7896131,49431.3753,3853.605568,3.853605568,0.003853606,73732.69088,5595.305974,73.73269088,5.595305974
Luxembourg,200.8905584,28354.30739,2029.080207,2.029080207,0.00202908,42215.58739,2934.325015,42.21558739,2.934325015
Macao,15.14790855,1918.607403,170.5650593,0.170565059,0.000170565,3085.384624,274.9215321,3.085384624,0.274921532
North Macedonia,155.9235157,21281.58064,1680.243756,1.680243756,0.001680244,32549.2287,2514.667103,32.5492287,2.514667103
Madagascar,24.37198533,3163.990735,253.8171764,0.253817176,0.000253817,4990.011836,408.6159737,4.990011836,0.408615974
Malawi,12.12618443,1594.475538,124.1135648,0.124113565,0.000124114,2496.648633,194.8047577,2.496648633,0.194804758
Malaysia,1465.095259,179290.9174,17658.92149,17.65892149,0.017658921,294856.3832,29312.41239,294.8563832,29.31241239
Maldives,5.766153872,677.1797229,80.31543008,0.08031543,8.03154E-05,1143.976068,136.2911396,1.143976068,0.13629114
Mali,13.54946881,1650.935494,169.9792017,0.169979202,0.000169979,2717.608254,287.5297482,2.717608254,0.287529748
Malta,27.64533292,3624.55723,296.4313347,0.296431335,0.000296431,5695.181082,465.6201733,5.695181082,0.465620173
Marshall Islands,0.85177544,101.7927752,11.55627986,0.01155628,1.15563E-05,170.2306029,19.09072906,0.170230603,0.019090729
Martinique,1.146161881,157.0647379,13.93747897,0.013937479,1.39375E-05,238.7749094,20.3907209,0.238774909,0.020390721
Mauritania,18.88186506,2384.874093,226.8527477,0.226852748,0.000226853,3838.204451,365.6986514,3.838204451,0.365698651
Mauritius,29.41777584,3666.292497,335.3922959,0.335392296,0.000335392,5951.851314,553.2919554,5.951851314,0.553291955
Mexico,4941.291944,643649.0273,51348.7115,51.3487115,0.051348712,1015016.386,81283.97955,1015.016386,81.28397955
Mongolia,171.1615369,21254.33281,2150.894726,2.150894726,0.002150895,34539.28324,3617.879083,34.53928324,3.617879083
Montenegro,25.03443024,3322.678848,259.9067657,0.259906766,0.000259907,5173.683398,401.8749885,5.173683398,0.401874989
Montserrat,0.419237855,NaN,#WERT!,#WERT!,#WERT!,#WERT!,#WERT!,#WERT!,#WERT!
Morocco,445.9037009,56279.60971,4880.902607,4.880902607,0.004880903,90599.28409,7986.471207,90.59928409,7.986471207
Mozambique,44.71145309,6016.400477,489.6352249,0.489635225,0.000489635,9233.340873,765.4921642,9.233340873,0.765492164
Myanmar,132.5888951,16978.04428,1420.47293,1.42047293,0.001420473,27021.14256,2326.802915,27.02114256,2.326802915
Namibia,18.61106483,2202.971136,255.1911553,0.255191155,0.000255191,3705.105364,427.0561479,3.705105364,0.427056148
Nauru,1.289577018,178.2769752,15.46301684,0.015463017,1.5463E-05,270.6393615,22.78373506,0.270639361,0.022783735
Nepal,35.2222476,4203.925054,478.6401184,0.478640118,0.00047864,7018.664193,815.7857554,7.018664193,0.815785755
Netherlands,2633.156617,360088.6343,26094.80133,26.09480133,0.026094801,548829.1395,39285.66531,548.8291395,39.28566531
New Caledonia,38.76498186,5085.947683,402.8830366,0.402883037,0.000402883,7959.029744,642.2839789,7.959029744,0.642283979
New Zealand,427.5918185,56995.62896,4212.206534,4.212206534,0.004212207,88375.02114,6561.478576,88.37502114,6.561478576
Nicaragua,45.29214624,5870.838875,470.066993,0.470066993,0.000470067,9281.508073,751.1116772,9.281508073,0.751111677
Niger,11.79234104,1492.60155,135.056166,0.135056166,0.000135056,2397.967313,219.8964963,2.397967313,0.219896496
Nigeria,997.5725716,128340.202,10917.72408,10.91772408,0.010917724,204004.1582,17441.47982,204.0041582,17.44147982
Niue,0.072088772,9.350069071,0.815427921,0.000815428,8.15428E-07,14.80197495,1.280280728,0.014801975,0.001280281
Norway,585.9920513,78728.59245,5803.314933,5.803314933,0.005803315,121471.9207,8925.76364,121.4719207,8.92576364
Occupied Palestinian Territory,14.68777792,1740.156442,201.1401475,0.201140147,0.00020114,2925.024866,336.4692453,2.925024866,0.336469245
Oman,310.1682069,37339.02103,3961.401607,3.961401607,0.003961402,62048.43363,6667.190399,62.04843363,6.667190399
Pakistan,1275.333812,159363.4953,14385.08875,14.38508875,0.014385089,258258.3367,23717.49312,258.2583367,23.71749312
Palau,1.570796318,189.995468,21.39906581,0.021399066,2.13991E-05,315.3699421,34.85498116,0.315369942,0.034854981
Panama,78.66680794,10058.25974,835.9517137,0.835951714,0.000835952,16036.24578,1361.960658,16.03624578,1.361960658
Papua New Guinea,42.80110485,5394.153911,474.9231298,0.47492313,0.000474923,8693.356359,776.8240989,8.693356359,0.776824099
Paraguay,44.03178858,5526.66206,493.4535544,0.493453554,0.000493454,8931.586317,809.2002054,8.931586317,0.809200205
Peru,443.5322849,57956.4986,4543.700855,4.543700855,0.004543701,91080.78056,7226.231028,91.08078056,7.226231028
Philippines,848.0708206,108679.3853,8971.685651,8.971685651,0.008971686,173093.3789,14536.17227,173.0933789,14.53617227
Bolivia,142.3857951,18310.60783,1509.913813,1.509913813,0.001509914,29043.45735,2448.624007,29.04345735,2.448624007
Poland,5945.575913,823951.5631,60074.78558,60.07478558,0.060074786,1244614.423,88960.17874,1244.614423,88.96017874
Portugal,632.7115049,82706.14787,6662.341721,6.662341721,0.006662342,130154.6321,10512.43247,130.1546321,10.51243247
Qatar,526.7153494,64319.24157,6419.396401,6.419396401,0.006419396,105817.5965,10766.05215,105.8175965,10.76605215
Cameroon,53.5328751,6844.214501,629.0028003,0.6290028,0.000629003,10926.4584,1000.070746,10.9264584,1.000070746
South Korea,4489.225138,561415.3566,51027.04794,51.02704794,0.051027048,910332.1876,83278.11703,910.3321876,83.27811703
Moldova,239.7512764,34529.78741,3078.117007,3.078117007,0.003078117,50923.4364,4411.383102,50.9234364,4.411383102
South Sudan,9.667269182,1215.333189,109.8947681,0.109894768,0.000109895,1959.583263,181.4297238,1.959583263,0.181429724
Sudan,108.9441899,13640.77991,1251.771092,1.251771092,0.001251771,22047.97731,2076.845177,22.04797731,2.076845177
Réunion,1.016467673,126.860414,13.63540204,0.013635402,1.36354E-05,205.720272,21.92168118,0.205720272,0.021921681
Romania,2108.27336,295461.2154,23211.12276,23.21112276,0.023211123,443517.7434,33914.42258,443.5177434,33.91442258
Russian Federation,28795.57356,3977380.729,295651.6157,295.6516157,0.295651616,6023976.57,438888.5192,6023.97657,438.8885192
Rwanda,7.158465103,920.4129236,80.19274479,0.080192745,8.01927E-05,1464.615085,127.1461144,1.464615085,0.127146114
Saint Helena,0.096089196,11.98306753,1.173234143,0.001173234,1.17323E-06,19.49465569,1.883595433,0.019494656,0.001883595
Saint Lucia,3.130854262,398.2085879,34.71727988,0.03471728,3.47173E-05,638.4999895,55.8728185,0.63849999,0.055872819
Sint Maarten (Dutch part),13.60648073,1932.320769,165.9469196,0.16594692,0.000165947,2868.041185,235.6733076,2.868041185,0.235673308
Samoa,1.85410702,237.8124518,19.77296569,0.019772966,1.9773E-05,378.8154445,31.78359065,0.378815444,0.031783591
Sao Tome and Principe,0.843423165,107.3047848,9.14022951,0.00914023,9.14023E-06,171.7910545,14.85733292,0.171791055,0.014857333
Saudi Arabia,3876.080473,483971.1655,44210.69449,44.21069449,0.044210694,785320.3364,72474.32493,785.3203364,72.47432493
Senegal,60.34106228,7679.771251,653.5697116,0.653569712,0.00065357,12286.44292,1066.337258,12.28644292,1.066337258
Serbia,702.6576164,95128.10665,7176.37313,7.17637313,0.007176373,146123.0109,10899.77967,146.1230109,10.89977967
Seychelles,4.171218281,#WERT!,#WERT!,#WERT!,#WERT!,#WERT!,#WERT!,#WERT!,#WERT!
Sierra Leone,9.61742529,1308.775685,100.5109747,0.100510975,0.000100511,1998.530146,151.7569587,1.998530146,0.151756959
Singapore,566.0936473,73842.25521,6194.628937,6.194628937,0.006194629,116468.1741,9717.375342,116.4681741,9.717375342
Slovakia,818.4616808,115006.7682,8360.023515,8.360023515,0.008360024,172039.7925,12196.84206,172.0397925,12.19684206
Slovenia,216.4668636,29092.46787,2194.79418,2.19479418,0.002194794,44914.08568,3362.740011,44.91408568,3.362740011
Solomon Islands,2.687462108,341.2150458,29.53649069,0.029536491,2.95365E-05,547.685931,47.71404633,0.547685931,0.047714046
Somalia,8.645218262,1157.565525,95.12575917,0.095125759,9.51258E-05,1793.196335,144.5772189,1.793196335,0.144577219
South Africa,5134.23911,677119.6257,51642.35871,51.64235871,0.051642359,1058103.449,81138.94007,1058.103449,81.13894007
Spain,3618.316256,479576.567,37081.11749,37.08111749,0.037081117,747461.7572,57740.01773,747.4617572,57.74001773
Sri Lanka,125.0752151,15852.0969,1361.242966,1.361242966,0.001361243,25401.59557,2247.06795,25.40159557,2.24706795
Saint Kitts and Nevis,1.607962305,196.5006605,19.85417169,0.019854172,1.98542E-05,323.8030559,32.59197694,0.323803056,0.032591977
Saint Pierre and Miquelon,0.99962437,135.9797288,9.960218435,0.009960218,9.96022E-06,207.8086861,15.11392455,0.207808686,0.015113925
Saint Vincent and the Grenadines,1.806081233,225.4017083,20.7378857,0.020737886,2.07379E-05,365.7960587,34.04510205,0.365796059,0.034045102
Suriname,30.20084467,4060.867554,309.4601968,0.309460197,0.00030946,6263.732724,472.4889516,6.263732724,0.472488952
Swaziland,10.73063719,NaN,#WERT!,#WERT!,#WERT!,#WERT!,#WERT!,#WERT!,#WERT!
Sweden,1091.216801,154543.2162,11354.66896,11.35466896,0.011354669,229834.893,16370.3366,229.834893,16.3703366
Switzerland,679.8123722,93326.99175,6779.627987,6.779627987,0.006779628,141884.1198,10150.33694,141.8841198,10.15033694
Syria,488.9259201,63357.38371,5511.911759,5.511911759,0.005511912,100440.8297,8700.904743,100.4408297,8.700904743
Taiwan,2211.658782,279118.0231,24647.67198,24.64767198,0.024647672,449820.2948,39986.09345,449.8202948,39.98609345
Tajikistan,102.4158208,14586.01198,1182.441311,1.182441311,0.001182441,21627.23753,1707.697876,21.62723753,1.707697876
Thailand,1873.1244,230764.9413,22220.21851,22.22021851,0.022220219,377917.9929,36629.90202,377.9179929,36.62990202
Timor-Leste,1.422036495,160.0913747,24.73360187,0.024733602,2.47336E-05,277.7869403,42.51743758,0.27778694,0.042517438
Togo,18.04493951,2261.025026,204.6992467,0.204699247,0.000204699,3658.375801,335.8938271,3.658375801,0.335893827
Tonga,1.124908598,143.5707071,12.18589815,0.012185898,1.21859E-05,229.534623,19.64397462,0.229534623,0.019643975
Trinidad and Tobago,355.1196458,45354.34326,3830.850506,3.830850506,0.003830851,72436.85752,6206.458104,72.43685752,6.206458104
Tunisia,230.1701617,29314.43712,2476.804864,2.476804864,0.002476805,46924.63711,4008.052519,46.92463711,4.008052519
Turkey,2694.620991,338674.9041,29839.01062,29.83901062,0.029839011,546823.0738,48920.76135,546.8230738,48.92076135
Turkmenistan,676.9038828,90079.33392,6750.27916,6.75027916,0.006750279,139778.152,10524.79399,139.778152,10.52479399
Turks and Caicos Islands,0.955873109,111.7077649,13.63505826,0.013635058,1.36351E-05,189.4049798,23.03572671,0.18940498,0.023035727
Tuvalu,0.072133158,8.734660124,0.95942488,0.000959425,9.59425E-07,14.48506089,1.568615402,0.014485061,0.001568615
Uganda,25.85759078,3266.437818,293.6952059,0.293695206,0.000293695,5242.704736,486.473282,5.242704736,0.486473282
Ukraine,7453.909204,1053876.306,81508.93345,81.50893345,0.081508933,1571755.765,118374.1144,1571.755765,118.3741144
United Arab Emirates,1222.143005,150548.671,14505.28777,14.50528777,0.014505288,246426.7582,24089.25705,246.4267582,24.08925705
United Kingdom,10590.93365,1501980.145,107037.8412,107.0378412,0.107037841,2229479.507,154164.26,2229.479507,154.16426
Tanzania,58.5437226,7362.771956,664.8939024,0.664893902,0.000664894,11864.92878,1100.935814,11.86492878,1.100935814
USA,86100.83839,11791236.25,838789.6642,838.7896642,0.838789664,17943227.2,1264132.14,17943.2272,1264.13214
Uruguay,97.37664326,13420.58559,958.0977688,0.958097769,0.000958098,20311.21389,1430.679654,20.31121389,1.430679654
Uzbekistan,1682.159562,228376.1085,16826.33089,16.82633089,0.016826331,349995.1452,25525.96731,349.9951452,25.52596731
Vanuatu,1.189686668,156.1036414,12.55065825,0.012550658,1.25507E-05,244.7059571,19.6905189,0.244705957,0.019690519
Venezuela,2002.964481,267053.448,19780.58593,19.78058593,0.019780586,413921.7769,30845.52095,413.9217769,30.84552095
Viet Nam,880.416033,107608.4111,10862.66731,10.86266731,0.010862667,176776.765,18283.09193,176.776765,18.28309193
Wallis and Futuna Islands,0.124310702,14.41170774,2.013786657,0.002013787,2.01379E-06,24.57595743,3.364387459,0.024575957,0.003364387
Yemen,167.639617,21633.12317,1830.016041,1.830016041,0.001830016,34310.17019,2942.06424,34.31017019,2.94206424
Zambia,62.72651649,8885.027908,655.1535093,0.655153509,0.000655154,13171.66084,943.7358007,13.17166084,0.943735801
Zimbabwe,181.6684035,24898.22948,1854.563764,1.854563764,0.001854564,37910.20826,2792.077444,37.91020826,2.792077444
